6.947385891547341874e-02 9.305261410845263592e-01
7.547790040624806629e-01 2.452209959375194481e-01
9.974670409209335231e-01 2.532959079066475147e-03
7.503043585663368154e-01 2.496956414336632679e-01
5.695362698902136644e-01 4.304637301097862245e-01
3.324739558414182561e-01 6.675260441585815219e-01
9.986690057183182923e-01 1.330994281681698423e-03
7.879194269196456747e-06 9.999921208057307442e-01
1.892555606808925261e-02 9.810744439319109000e-01
2.277618513465708427e-01 7.722381486534292128e-01
1.980408969864502766e-01 8.019591030135497789e-01
8.819819715777206248e-01 1.180180284222794723e-01
8.757249013128860504e-01 1.242750986871138802e-01
6.316451322938421153e-02 9.368354867706156774e-01
3.626060010703691106e-02 9.637393998929629779e-01
9.824408458487161599e-01 1.755915415128387821e-02
9.736820011907022510e-01 2.631799880929773169e-02
6.162259267561651654e-01 3.837740732438349456e-01
9.745530507089305017e-01 2.544694929106943240e-02
6.447801947883007312e-01 3.552198052116991578e-01
1.239414577693255352e-02 9.876058542230674586e-01
5.549571634516504703e-01 4.450428365483495297e-01
3.484904594743882811e-01 6.515095405256116079e-01
8.651811146509714723e-01 1.348188853490284167e-01
9.643985668963080959e-01 3.560143310369193875e-02
5.218599602621899480e-01 4.781400397378098854e-01
9.091518887410783289e-01 9.084811125892160166e-02
5.559779591636488938e-01 4.440220408363509952e-01
1.405647054543877721e-02 9.859435294545613182e-01
9.950737501519574257e-01 4.926249848042695695e-03
4.503938091047642867e-01 5.496061908952356578e-01
4.708151323870707894e-01 5.291848676129291551e-01
9.017213467061941934e-01 9.827865329380600090e-02
9.451925766217214031e-01 5.480742337827857608e-02
9.920901512390365440e-01 7.909848760963658978e-03
5.578278293585624552e-06 9.999944217217063835e-01
6.980229483892269604e-01 3.019770516107728175e-01
6.053776591566683019e-01 3.946223408433316426e-01
8.929561649271321455e-01 1.070438350728679100e-01
2.745836038928874015e-07 9.999997254163960347e-01
9.575318284926966905e-01 4.246817150730345519e-02
3.519624822198372249e-01 6.480375177801628306e-01
9.822687354236593338e-01 1.773126457634078765e-02
2.139190154332557825e-01 7.860809845667441342e-01
9.291488899976784177e-01 7.085111000232141576e-02
6.453001731571030852e-01 3.546998268428969703e-01
2.802152281687314006e-01 7.197847718312683218e-01
5.606253432394424641e-01 4.393746567605574804e-01
1.451554994517985087e-01 8.548445005482016024e-01
7.885719020104569044e-01 2.114280979895431511e-01
9.374562097418885909e-01 6.254379025811125647e-02
1.158220109475250215e-05 9.999884177989052381e-01
4.678520224719656728e-07 9.999995321479775434e-01
9.916966811661274139e-01 8.303318833872669336e-03
3.465815031408050473e-01 6.534184968591948417e-01
7.601278407627164446e-01 2.398721592372836109e-01
5.085652332611436538e-02 9.491434766738856554e-01
5.324096019425739179e-01 4.675903980574260266e-01
8.239318384241004489e-01 1.760681615758996899e-01
1.445567854911827300e-02 9.855443214508815553e-01
1.153437991669299389e-01 8.846562008330700611e-01
4.118303504035603774e-02 9.588169649596439692e-01
7.787700407220692345e-01 2.212299592779309598e-01
8.691083840470778532e-02 9.130891615952922979e-01
1.508723644778873010e-02 9.849127635522110236e-01
9.999834559355131880e-01 1.654406448685677875e-05
8.106759499858906537e-01 1.893240500141094573e-01
9.843219377813614002e-02 9.015678062218639433e-01
4.075282363589245033e-03 9.959247176364107723e-01
1.222708454649834853e-01 8.777291545350164315e-01
7.683858227083111281e-01 2.316141772916889552e-01
9.160059193159372226e-01 8.399408068406266636e-02
8.664384166451039038e-01 1.335615833548960962e-01
9.561465840531641058e-01 4.385341594683582478e-02
3.608265900737491477e-07 9.999996391734099488e-01
6.660994644965895217e-01 3.339005355034105893e-01
9.095787955815680670e-01 9.042120441843180811e-02
1.159095611172201307e-01 8.840904388827798277e-01
2.707643671438892952e-01 7.292356328561104828e-01
9.836783200420287088e-01 1.632167995797132592e-02
4.465992441884089059e-01 5.534007558115910941e-01
6.187274188504415795e-01 3.812725811495584760e-01
6.605685839372578139e-01 3.394314160627420196e-01
8.122555812592524571e-01 1.877444187407474041e-01
6.603759099913608654e-02 9.339624090008639135e-01
9.757137802860996745e-01 2.428621971390036716e-02
8.898411684260788546e-01 1.101588315739210622e-01
2.387588528697631718e-02 9.761241147130236273e-01
3.648421193846037580e-01 6.351578806153962420e-01
6.047463739395050331e-01 3.952536260604950225e-01
8.541648700303212660e-01 1.458351299696788450e-01
3.753386448439700179e-02 9.624661355156031162e-01
6.358960768851582568e-01 3.641039231148417432e-01
9.852926253324278960e-01 1.470737466757222542e-02
4.606975712436298456e-03 9.953930242875635992e-01
5.385816356157246791e-03 9.946141836438426864e-01
8.655518517690439229e-01 1.344481482309561882e-01
8.534657972965414841e-02 9.146534202703460181e-01
9.035905876049641350e-01 9.640941239503568461e-02
9.966223292969722536e-01 3.377670703027655773e-03
4.814177509569780855e-01 5.185822490430217480e-01
9.795209060394971523e-01 2.047909396050297953e-02
7.772526528299544823e-03 9.922274734717004829e-01
2.675786708242543568e-02 9.732421329175743319e-01
1.184087871928923563e-01 8.815912128071078380e-01
7.228833153470645145e-01 2.771166846529354300e-01
6.269884904591759012e-02 9.373011509540826180e-01
9.824408458487161599e-01 1.755915415128387821e-02
1.856905174912495682e-01 8.143094825087503486e-01
2.016584813345994806e-02 9.798341518665399930e-01
3.139904310493482620e-01 6.860095689506517935e-01
2.566054344227874373e-01 7.433945655772128402e-01
5.384361939430554189e-01 4.615638060569446366e-01
1.460435294730608735e-01 8.539564705269389044e-01
3.740795452491168377e-02 9.625920454750883648e-01
2.553128417021336416e-01 7.446871582978662474e-01
7.474994974694794219e-06 9.999925250050253345e-01
5.571708928042587439e-02 9.442829107195741534e-01
7.874292645252485567e-02 9.212570735474752137e-01
6.768057988829266902e-01 3.231942011170734208e-01
5.952276668620353622e-02 9.404772333137962903e-01
6.252034961217354248e-01 3.747965038782646863e-01
8.496308082841468323e-01 1.503691917158528901e-01
8.578094114087762012e-01 1.421905885912237710e-01
8.389887362943615479e-01 1.610112637056383966e-01
8.343944556254930811e-01 1.656055443745070022e-01
9.402665883832158622e-01 5.973341161678404759e-02
9.771393488254510595e-01 2.286065117454895781e-02
8.104763427117168684e-01 1.895236572882830484e-01
2.779241742874303811e-01 7.220758257125695634e-01
7.189282681577728873e-01 2.810717318422268352e-01
5.562295994417581352e-02 9.443770400558241240e-01
2.560972060834978414e-01 7.439027939165019365e-01
7.993121920443476691e-01 2.006878079556524974e-01
7.579165416700028857e-01 2.420834583299971976e-01
5.083085666926523416e-01 4.916914333073476584e-01
2.539225065993274688e-01 7.460774934006727532e-01
2.141814351860779619e-01 7.858185648139218715e-01
8.516475163140734272e-01 1.483524836859262952e-01
7.403945878662933788e-09 9.999999925960540992e-01
8.316228010784667557e-01 1.683771989215331333e-01
2.338014404351974884e-01 7.661985595648028724e-01
9.703537050289793298e-01 2.964629497102073963e-02
9.212357736158750532e-01 7.876422638412491906e-02
7.425996489314080629e-01 2.574003510685923257e-01
5.373274158756786711e-01 4.626725841243211623e-01
5.389338948335362957e-03 9.946106610516644020e-01
9.949285493748535325e-01 5.071450625146371217e-03
9.390251057058298656e-01 6.097489429417007889e-02
9.252272719705941784e-01 7.477272802940582164e-02
9.879753379990715567e-01 1.202466200092859594e-02
9.939054985307108625e-01 6.094501469289091526e-03
5.629438748805279946e-01 4.370561251194719499e-01
7.912222669594295432e-01 2.087777330405701792e-01
9.789190983310316341e-01 2.108090166896845613e-02
8.823357884660356643e-01 1.176642115339644606e-01
1.561362472328248208e-01 8.438637527671751792e-01
5.804117549071620141e-01 4.195882450928379859e-01
2.666330247910462300e-03 9.973336697520893690e-01
6.700937524327397199e-01 3.299062475672602246e-01
8.538285348624710114e-01 1.461714651375290441e-01
8.583898108499192769e-01 1.416101891500806675e-01
1.995434579005533338e-01 8.004565420994463887e-01
9.783734129476789887e-01 2.162658705232097314e-02
4.362865720182131368e-01 5.637134279817868077e-01
5.000000000000000000e-01 5.000000000000000000e-01
9.669527095699051999e-01 3.304729043009472372e-02
3.272475356340747710e-01 6.727524643659252845e-01
8.855729893856633117e-01 1.144270106143365773e-01
1.547259350670033760e-09 9.999999984527405683e-01
7.110094033219542808e-01 2.889905966780457192e-01
4.059517913456482385e-01 5.940482086543518170e-01
9.656977174371886852e-01 3.430228256281128707e-02
9.640741068923573964e-01 3.592589310764254112e-02
2.781810819800849613e-02 9.721818918019916600e-01
1.002565608887489223e-05 9.999899743439110145e-01
1.929247001999973288e-01 8.070752998000026990e-01
1.575382596078972464e-01 8.424617403921027536e-01
7.804964001925400741e-01 2.195035998074600370e-01
7.844426112031924747e-01 2.155573887968075253e-01
9.993081556008668320e-01 6.918443991332956945e-04
2.197627345722798775e-01 7.802372654277200947e-01
9.990638659895912932e-01 9.361340104087063733e-04
9.927031732606449443e-01 7.296826739355038310e-03
7.769472574331521067e-03 9.922305274256684182e-01
2.273162192422710504e-01 7.726837807577291439e-01
1.126091019739521083e-05 9.999887390898025696e-01
2.265915148316061667e-01 7.734084851683936668e-01
8.331675999235268470e-01 1.668324000764729587e-01
6.713016081789952016e-02 9.328698391821004243e-01
7.941196214137860032e-01 2.058803785862139968e-01
5.000000000000000000e-01 5.000000000000000000e-01
9.880096891132150727e-01 1.199031088678504872e-02
1.545556363230577475e-06 9.999984544436366640e-01
1.314615710381114022e-01 8.685384289618887088e-01
9.978416008373111046e-01 2.158399162688769222e-03
9.575495568156532356e-01 4.245044318434666730e-02
7.110980976415274268e-01 2.889019023584726287e-01
9.762479668498770247e-01 2.375203315012295799e-02
9.920064695267432064e-01 7.993530473256882027e-03
5.296674632701899865e-01 4.703325367298102910e-01
1.172091664205170830e-01 8.827908335794828476e-01
9.964003813627879680e-01 3.599618637211986043e-03
9.959267448160954439e-01 4.073255183904582119e-03
9.973555007541941020e-01 2.644499245805771812e-03
1.551961467023490679e-02 9.844803853297650065e-01
1.412228515142582852e-01 8.587771484857416038e-01
3.297188338866391955e-01 6.702811661133609711e-01
4.138889712123595688e-01 5.861110287876404312e-01
9.674041207276290466e-01 3.259587927237096727e-02
1.613240634008431817e-01 8.386759365991567350e-01
7.303256760355086863e-01 2.696743239644911472e-01
9.467157883072567781e-01 5.328421169274324271e-02
3.091821166703508801e-08 9.999999690817883424e-01
5.400494853808864848e-01 4.599505146191135152e-01
6.541359603027879777e-01 3.458640396972118558e-01
4.865092149768605601e-01 5.134907850231394955e-01
5.084045083824643985e-02 9.491595491617534908e-01
9.388886061104837477e-01 6.111139388951628698e-02
3.582542269320045190e-03 9.964174577306800229e-01
8.850829426322769367e-01 1.149170573677232021e-01
7.067024880245653673e-01 2.932975119754344662e-01
9.917218141859921454e-01 8.278185814007838969e-03
2.181388976280637659e-01 7.818611023719362896e-01
3.013317785790979239e-02 9.698668221420901903e-01
1.027074491555939047e-06 9.999989729255083226e-01
6.876553538422417455e-01 3.123446461577583655e-01
3.231803623778322088e-01 6.768196376221677912e-01
8.206309981785834262e-01 1.793690018214164905e-01
9.854042173499761859e-01 1.459578265002388700e-02
8.462823916508265265e-01 1.537176083491735568e-01
6.107046828894207025e-01 3.892953171105792975e-01
8.730651851269015662e-01 1.269348148730986003e-01
4.276931190818776540e-02 9.572306880918121097e-01
8.138813782384232698e-02 9.186118621761576453e-01
4.197944472270350724e-01 5.802055527729649276e-01
6.576557340850798516e-02 9.342344265914922508e-01
9.860823090703608740e-01 1.391769092963907051e-02
6.710391715251994293e-01 3.289608284748006262e-01
1.037765235646818593e-02 9.896223476435318522e-01
9.259957983848866869e-02 9.074004201615114562e-01
9.224360102139762818e-02 9.077563989786023857e-01
8.589439557278259058e-03 9.914105604427217999e-01
2.379314575010099686e-01 7.620685424989900314e-01
9.850036395155722380e-01 1.499636048442777765e-02
8.670547698930424207e-01 1.329452301069576348e-01
9.995240212635664312e-01 4.759787364335040785e-04
6.401141322617720508e-01 3.598858677382278382e-01
8.647580524961580029e-01 1.352419475038418584e-01
2.325382762837006900e-02 9.767461723716299726e-01
2.894061489516179531e-02 9.710593851048382463e-01
9.855359954574454129e-01 1.446400454255452293e-02
6.489657461791640269e-01 3.510342538208358065e-01
4.620863982024197431e-02 9.537913601797577412e-01
2.164332952957149711e-02 9.783566704704284023e-01
2.239530296213095850e-01 7.760469703786904150e-01
7.280724685397557128e-01 2.719275314602442317e-01
1.733526095323745821e-08 9.999999826647389956e-01
5.760781943800521651e-03 9.942392180561996362e-01
9.026232567235937809e-01 9.737674327640614969e-02
9.959745298246199807e-01 4.025470175380025349e-03
3.399880872312849300e-02 9.660011912768715625e-01
1.719294600292933448e-02 9.828070539970705788e-01
3.693940234662591166e-02 9.630605976533741508e-01
6.454778905852117665e-01 3.545221094147884555e-01
1.609317596618266497e-05 9.999839068240337081e-01
6.441503068213005889e-01 3.558496931786995221e-01
8.528191116133386762e-01 1.471808883866614626e-01
5.862597874279484866e-01 4.137402125720516799e-01
7.614520131337267073e-02 9.238547986866273432e-01
9.645366925104355005e-01 3.546330748956440931e-02
9.220624675577036022e-01 7.793753244229648103e-02
4.697530523502061461e-01 5.302469476497938539e-01
8.744021204156524410e-03 9.912559787958433732e-01
7.275908345329094029e-01 2.724091654670904306e-01
9.814738975527332876e-01 1.852610244726655975e-02
1.127432525456318196e-01 8.872567474543679999e-01
6.125011078817740318e-01 3.874988921182257462e-01
6.671794272670499293e-01 3.328205727329499042e-01
6.932771592583217291e-02 9.306722840741676883e-01
9.895793161478352307e-01 1.042068385216473637e-02
9.993157147694829989e-01 6.842852305170936660e-04
9.783124636213385017e-01 2.168753637866157810e-02
4.388878129509735104e-01 5.611121870490263230e-01
7.299612616471690130e-01 2.700387383528308760e-01
9.129762614614616023e-01 8.702373853853834218e-02
9.402438240079251663e-01 5.975617599207462549e-02
2.753550712739973316e-01 7.246449287260028349e-01
9.971171253478460228e-01 2.882874652153890032e-03
5.064305884081363729e-01 4.935694115918636826e-01
8.186035807127460817e-01 1.813964192872540016e-01
7.247621862468571763e-01 2.752378137531427127e-01
2.741105491019197871e-01 7.258894508980801019e-01
3.184668564365622252e-03 9.968153314356342776e-01
8.244167625351707107e-01 1.755832374648291783e-01
3.593857426511830044e-01 6.406142573488170511e-01
3.429058505569068660e-01 6.570941494430934116e-01
1.595728476620397185e-01 8.404271523379602815e-01
3.819244819256703127e-03 9.961807551807435601e-01
1.648358104734884977e-01 8.351641895265116133e-01
1.491600005192555700e-01 8.508399994807444022e-01
2.381174484131089730e-01 7.618825515868906662e-01
3.029786539133097478e-01 6.970213460866899746e-01
4.612162174152844019e-01 5.387837825847157092e-01
8.853104316030161458e-01 1.146895683969838126e-01
1.783111017401856069e-01 8.216888982598143931e-01
9.690828583087541803e-01 3.091714169124593070e-02
9.902445490323523725e-01 9.755450967647740293e-03
8.000513693132874776e-03 9.919994863068669622e-01
9.930972277439970020e-01 6.902772256003004980e-03
9.754986974363801799e-01 2.450130256361985823e-02
9.281764513014897355e-01 7.182354869851019508e-02
4.759102674689694862e-02 9.524089732531032526e-01
7.719093684868321148e-01 2.280906315131680240e-01
9.624920376231062003e-01 3.750796237689381363e-02
4.140573006305413306e-02 9.585942699369461861e-01
8.894841562332220786e-01 1.105158437667780463e-01
4.271749849142111692e-03 9.957282501508577521e-01
1.050756399779838590e-01 8.949243600220161410e-01
1.528892517682639840e-01 8.471107482317360438e-01
8.504562918271956207e-01 1.495437081728044904e-01
1.375423452354377490e-02 9.862457654764560377e-01
1.384098004330747145e-01 8.615901995669251745e-01
9.228792324302462768e-01 7.712076756975388969e-02
9.559046377431881236e-01 4.409536225681201516e-02
3.063282144581507827e-01 6.936717855418490508e-01
3.261075939938867796e-01 6.738924060061134425e-01
5.118465056411309645e-03 9.948815349435887745e-01
2.801913396224924024e-02 9.719808660377508014e-01
3.568178377926693734e-02 9.643182162207332153e-01
3.309833762698042858e-01 6.690166237301957697e-01
6.579588750808758324e-02 9.342041124919121531e-01
7.611271128132517105e-02 9.238872887186748706e-01
6.983759104624460978e-02 9.301624089537553486e-01
7.282332814783286368e-02 9.271766718521673445e-01
2.724064131872620531e-01 7.275935868127380024e-01
1.232430797172312659e-01 8.767569202827688590e-01
5.890258999609569376e-03 9.941097410003902901e-01
2.917509119572505444e-02 9.708249088042747443e-01
8.007531730520649482e-01 1.992468269479351628e-01
9.425179634764550007e-01 5.748203652354499232e-02
6.384463458819699122e-01 3.615536541180300878e-01
2.540461490605667172e-01 7.459538509394332273e-01
9.633708875137062533e-01 3.662911248629366345e-02
3.145025448392765183e-02 9.685497455160724245e-01
1.114540002514604710e-07 9.999998885459998599e-01
8.620729226298351477e-01 1.379270773701649633e-01
3.867378644609652250e-02 9.613262135539035746e-01
9.490933252904657502e-01 5.090667470953418039e-02
8.015961687702726213e-01 1.984038312297274897e-01
9.917038766203389866e-01 8.296123379661022104e-03
5.071651879436158694e-01 4.928348120563839641e-01
8.251540608662550902e-01 1.748459391337448543e-01
1.735655593815951803e-01 8.264344406184048752e-01
6.694818152941307554e-01 3.305181847058691891e-01
6.528080199198676992e-01 3.471919800801322453e-01
7.132480567587841103e-01 2.867519432412158342e-01
6.783737534087389554e-01 3.216262465912609891e-01
6.469638623439275538e-01 3.530361376560723352e-01
9.947460005008196965e-03 9.900525399949917649e-01
9.502158632858863641e-01 4.978413671411367758e-02
8.192245212545486988e-01 1.807754787454516898e-01
1.789556027514074554e-01 8.210443972485924613e-01
6.928958583555488993e-01 3.071041416444511007e-01
6.535024808933809215e-01 3.464975191066189675e-01
8.347871181397762408e-01 1.652128818602235649e-01
5.234208011183133502e-01 4.765791988816866498e-01
7.621008582332866599e-01 2.378991417667134511e-01
5.424358756093204670e-02 9.457564124390677174e-01
2.945540697959939669e-01 7.054459302040061441e-01
7.854117394850547162e-01 2.145882605149452560e-01
8.395564189579496350e-01 1.604435810420505870e-01
3.413254963630912592e-03 9.965867450363689040e-01
6.844688188145389152e-01 3.155311811854612514e-01
9.394754686339238381e-01 6.052453136607613415e-02
5.000000000000000000e-01 5.000000000000000000e-01
4.749370810302568913e-01 5.250629189697429977e-01
9.619541819525500026e-01 3.804581804744994883e-02
1.509571432645879230e-01 8.490428567354121325e-01
8.293376037716673199e-01 1.706623962283326523e-01
9.024146346753898415e-03 9.909758536532459194e-01
5.948841060843014228e-01 4.051158939156987437e-01
9.956832557955513918e-01 4.316744204448472871e-03
9.856934057904679358e-01 1.430659420953205030e-02
7.233379907899761818e-01 2.766620092100237627e-01
3.617652222277847329e-01 6.382347777722151561e-01
2.961750662199765238e-01 7.038249337800231986e-01
2.676095486590399086e-01 7.323904513409601469e-01
2.865268845636701478e-01 7.134731154363298522e-01
9.510218968914705417e-01 4.897810310852940968e-02
5.387706277851392889e-01 4.612293722148607111e-01
9.767934605724888364e-01 2.320653942751124688e-02
5.772109625825695423e-01 4.227890374174304022e-01
9.167915994854464179e-01 8.320840051455349884e-02
7.151223689528153349e-01 2.848776310471848872e-01
9.997197488742530780e-01 2.802511257468480173e-04
1.280292078326239202e-01 8.719707921673758300e-01
2.078522220767324222e-02 9.792147777923265739e-01
6.179614917738406321e-01 3.820385082261593679e-01
1.848494334648045218e-02 9.815150566535196797e-01
9.090919072213078378e-01 9.090809277869221772e-02
9.862817195880932974e-01 1.371828041190681878e-02
2.905904131366797705e-01 7.094095868633204516e-01
9.944477758829973757e-01 5.552224117002729255e-03
9.087237133455046134e-01 9.127628665449545597e-02
1.466441327254465292e-02 9.853355867274552482e-01
1.145331351722323374e-05 9.999885466864828487e-01
6.622314156535362428e-02 9.337768584346464174e-01
3.518041125254869894e-01 6.481958874745130661e-01
9.100380603854609785e-01 8.996193961453910481e-02
3.881645339486871626e-01 6.118354660513130039e-01
5.120225233159466649e-01 4.879774766840534461e-01
1.732262975471823323e-05 9.999826773702453764e-01
9.939749649756223215e-01 6.025035024377705349e-03
8.398459547993972762e-01 1.601540452006030291e-01
1.851326236668836625e-02 9.814867376333116233e-01
9.881645638996996439e-01 1.183543610030043068e-02
8.176948497722155151e-01 1.823051502277843183e-01
9.361992210882296162e-01 6.380077891177018956e-02
6.644305981131614081e-01 3.355694018868385364e-01
5.723872775575273852e-01 4.276127224424726148e-01
8.280672501078161218e-01 1.719327498921838504e-01
4.090161552905470232e-01 5.909838447094529768e-01
5.000000000000000000e-01 5.000000000000000000e-01
6.835463687739503635e-01 3.164536312260494699e-01
7.003929552793201896e-02 9.299607044720679117e-01
5.082429175250696186e-03 9.949175708247494088e-01
9.491505131517735672e-01 5.084948684822639814e-02
9.777299345982066736e-01 2.227006540179333333e-02
4.528701713130315332e-01 5.471298286869686889e-01
5.487008271164122153e-01 4.512991728835878402e-01
8.722313474133549516e-01 1.277686525866448264e-01
9.594346732999295968e-01 4.056532670007031299e-02
8.226862725084479466e-01 1.773137274915521922e-01
8.475115323572413040e-01 1.524884676427588903e-01
7.526261462993107709e-08 9.999999247373854150e-01
3.834437603651920101e-01 6.165562396348078789e-01
8.048403325936837049e-01 1.951596674063163506e-01
9.025098859161498899e-01 9.749011408385015176e-02
1.131652012445830829e-01 8.868347987554169309e-01
8.649749707562125467e-01 1.350250292437873423e-01
1.385282177561757977e-01 8.614717822438242578e-01
7.539981138817763995e-01 2.460018861182236838e-01
7.356705156877084706e-01 2.643294843122917515e-01
9.068952989816135846e-01 9.310470101838654033e-02
2.784368894194236832e-01 7.215631105805763168e-01
9.901783535989181484e-01 9.821646401081862016e-03
6.112251439104001705e-01 3.887748560895998295e-01
9.879236110811546734e-01 1.207638891884523120e-02
4.323059388605431444e-03 9.956769406113944454e-01
4.781043395219313763e-01 5.218956604780686792e-01
4.188274521611827783e-01 5.811725478388173327e-01
7.871594967674975241e-01 2.128405032325022816e-01
9.971200969159784711e-01 2.879903084021407517e-03
6.546052058757682035e-01 3.453947941242317965e-01
4.152451352342866886e-01 5.847548647657133669e-01
3.811622001741435950e-01 6.188377998258564050e-01
6.951421680481149057e-01 3.048578319518852608e-01
1.422692115615581676e-01 8.577307884384417491e-01
4.024199857339732511e-01 5.975800142660268044e-01
9.695042821916067810e-01 3.049571780839323287e-02
7.497606760900473732e-01 2.502393239099526268e-01
9.655988798095928027e-01 3.440112019040723196e-02
5.070636968428189617e-02 9.492936303157182287e-01
1.118484342010444138e-01 8.881515657989556001e-01
8.605976127917657204e-01 1.394023872082343907e-01
9.092634347361817637e-01 9.073656526381826404e-02
2.246463723059775597e-01 7.753536276940222738e-01
4.141003931644685054e-02 9.585899606835530662e-01
1.735264994733272670e-01 8.264735005266727885e-01
4.022124807400222490e-01 5.977875192599778620e-01
8.988054777092435721e-01 1.011945222907564973e-01
6.961726742512762411e-02 9.303827325748723620e-01
1.415267628321064952e-01 8.584732371678934770e-01
9.798083519615702341e-01 2.019164803842987341e-02
1.634163044513083779e-02 9.836583695548691830e-01
4.059472023672966445e-01 5.940527976327033555e-01
1.403753655439742565e-01 8.596246344560257713e-01
7.799276493507112384e-01 2.200723506492887893e-01
9.719240265479368590e-01 2.807597345206316874e-02
8.153923891577921634e-02 9.184607610842207004e-01
4.720350185235454021e-01 5.279649814764546534e-01
3.860115796721340087e-01 6.139884203278658248e-01
9.375413199652620211e-01 6.245868003473815239e-02
4.537458954976181756e-03 9.954625410450239631e-01
9.575579846602730871e-01 4.244201533972703083e-02
5.352333712634205209e-01 4.647666287365794235e-01
4.704543831216992378e-01 5.295456168783008177e-01
3.457538046652565422e-02 9.654246195334743597e-01
2.020287942610361823e-06 9.999979797120575054e-01
4.869686049229047242e-01 5.130313950770952758e-01
9.288151514342140036e-01 7.118484856578612130e-02
3.976686217789053845e-01 6.023313782210946155e-01
5.833099946302445701e-03 9.941669000536975664e-01
9.529826271605696952e-01 4.701737283943028395e-02
2.975399663153414642e-01 7.024600336846584803e-01
8.836631034284136987e-01 1.163368965715864123e-01
9.560108633623598529e-01 4.398913663764026510e-02
7.793681766474416239e-01 2.206318233525582095e-01
8.480729560987395610e-01 1.519270439012606055e-01
7.199143482224228396e-01 2.800856517775771048e-01
9.996010905215821918e-01 3.989094784178676308e-04
3.248491387783276202e-02 9.675150861221670784e-01
4.113808473209092098e-02 9.588619152679092039e-01
8.846842772315890446e-01 1.153157227684110664e-01
5.471873818405892376e-01 4.528126181594107624e-01
3.485844217832237413e-01 6.514155782167762032e-01
9.889387455690797912e-01 1.106125443092019142e-02
8.201232308919677028e-01 1.798767691080322695e-01
4.872590011527481169e-01 5.127409988472519942e-01
9.841332596641659824e-01 1.586674033583404531e-02
2.557786103975814851e-02 9.744221389602421013e-01
2.971746154333638201e-01 7.028253845666361244e-01
3.074002957108879497e-01 6.925997042891119948e-01
1.253820405280673123e-01 8.746179594719326600e-01
3.518614105742294274e-01 6.481385894257705171e-01
7.833749952246235604e-02 9.216625004775375052e-01
6.092815997134398004e-02 9.390718400286560685e-01
9.705058079559908402e-01 2.949419204400906269e-02
1.796766872275206151e-01 8.203233127724793849e-01
1.027525969571585012e-05 9.999897247403042311e-01
9.766069620961431719e-01 2.339303790385679691e-02
9.315645610867454574e-01 6.843543891325463979e-02
2.292688132992397043e-01 7.707311867007602402e-01
8.981152305111673728e-01 1.018847694888325855e-01
2.057885487421905191e-01 7.942114512578094532e-01
1.715674569621990775e-01 8.284325430378007837e-01
8.817686525296845046e-01 1.182313474703155509e-01
1.612284471707202960e-01 8.387715528292797318e-01
9.833610248786889274e-01 1.663897512131097198e-02
8.194172055411036437e-01 1.805827944588965783e-01
4.044549682256637357e-01 5.955450317743362643e-01
8.175065404797439428e-02 9.182493459520255641e-01
1.698531875398639757e-01 8.301468124601361076e-01
7.673808849537473442e-01 2.326191150462528778e-01
3.959653171085112389e-01 6.040346828914887611e-01
9.953331645587224497e-01 4.666835441277689990e-03
8.815540931396353974e-01 1.184459068603646859e-01
6.348395896916727565e-01 3.651604103083272990e-01
5.375466896605750611e-01 4.624533103394249389e-01
8.944586467832786880e-01 1.055413532167210344e-01
1.834727340371400742e-02 9.816527265962859961e-01
4.380048327112615741e-03 9.956199516728873045e-01
9.736385142569865536e-01 2.636148574301339087e-02
9.952223656554910480e-01 4.777634344508876509e-03
6.850397667458271167e-01 3.149602332541729943e-01
1.973058953777766938e-02 9.802694104622222682e-01
8.631089596111596318e-01 1.368910403888402572e-01
7.449709095811769544e-01 2.550290904188230456e-01
3.772978072810013184e-01 6.227021927189987371e-01
6.420608730224147687e-01 3.579391269775851758e-01
1.360248547333301437e-02 9.863975145266669076e-01
1.507664690467001335e-02 9.849233530953297455e-01
9.946773185351471813e-01 5.322681464852700717e-03
6.317549573698725274e-01 3.682450426301273616e-01
1.326290171073254455e-02 9.867370982892675890e-01
9.282839118801579081e-01 7.171608811984214737e-02
8.140996160960576322e-01 1.859003839039423678e-01
9.791885655749491546e-01 2.081143442505089744e-02
6.544557585311091552e-01 3.455442414688909558e-01
9.995207357019999517e-01 4.792642979999659826e-04
6.115512643232834389e-01 3.884487356767165056e-01
9.807138796504204503e-01 1.928612034957954274e-02
9.920365657581800001e-01 7.963434241819999926e-03
7.058106235173238208e-01 2.941893764826761237e-01
9.593735491158777995e-01 4.062645088412229766e-02
6.174396624910435394e-01 3.825603375089565716e-01
9.995249878555336753e-01 4.750121444663792602e-04
6.618372827078746745e-01 3.381627172921254365e-01
6.425925644579584262e-01 3.574074355420415738e-01
1.062999202416924083e-01 8.937000797583076750e-01
7.990047840516747435e-01 2.009952159483252287e-01
5.766760649152128000e-03 9.942332393508479527e-01
4.933219387956059854e-01 5.066780612043939591e-01
7.523702355659954433e-02 9.247629764434002198e-01
3.808467855902773480e-01 6.191532144097225965e-01
9.319870247137039820e-01 6.801297528629589306e-02
5.709510276567809905e-02 9.429048972343220258e-01
5.274521264568972079e-01 4.725478735431029031e-01
8.695577232367521781e-01 1.304422767632478219e-01
7.182434367037777712e-01 2.817565632962221733e-01
9.667960341630107979e-02 9.033203965836988925e-01
1.407091398705570540e-02 9.859290860129441558e-01
6.386649377451777410e-01 3.613350622548223701e-01
2.763735301309339434e-02 9.723626469869064426e-01
6.802611807857130710e-01 3.197388192142867624e-01
5.511490693729621457e-03 9.944885093062703074e-01
1.078995685218835238e-01 8.921004314781165734e-01
8.042859674371756473e-02 9.195714032562821716e-01
3.561246876196894062e-01 6.438753123803105938e-01
6.209070187788527928e-01 3.790929812211474292e-01
8.162018353394355774e-01 1.837981646605643671e-01
4.761103589435289885e-01 5.238896410564710671e-01
9.511752087818486912e-02 9.048824791218152974e-01
8.124650428171573679e-01 1.875349571828428263e-01
2.493429771656096097e-02 9.750657022834390286e-01
1.375709713756468056e-01 8.624290286243532222e-01
1.749373397615902603e-01 8.250626602384099062e-01
1.051486867978018575e-01 8.948513132021982397e-01
7.030453697577013772e-01 2.969546302422984563e-01
